trip_id, route_id, List of stops
26843641, 167 Stops: 40,10,6,27,3,45,17,49,41,36,4,20,24,25,46,11,37,34,
26843640, 166 Stops: 40,6,10,3,27,17,45,36,41,49,4,20,24,25,46,37,11,34,
26843643, 167 Stops: 40,10,6,27,3,45,17,49,41,36,4,20,24,25,46,11,37,34,
26843642, 166 Stops: 40,6,10,3,27,17,45,36,41,49,4,20,24,25,46,37,11,34,
26843645, 167 Stops: 40,10,6,27,3,45,17,49,41,36,4,20,24,25,46,11,37,34,
26843644, 166 Stops: 40,6,10,3,27,17,45,36,41,49,4,20,24,25,46,37,11,34,
26843647, 167 Stops: 40,10,6,27,3,45,17,49,41,36,4,20,24,25,46,11,37,34,
26843646, 166 Stops: 40,6,10,3,27,17,45,36,41,49,4,20,24,25,46,37,11,34,
26843639, 167 Stops: 40,10,6,27,3,45,17,49,41,36,4,20,24,25,46,11,37,34,
26843638, 166 Stops: 40,6,10,3,27,17,45,36,41,49,4,20,24,25,46,37,11,34,
26843673, 167 Stops: 40,10,6,27,3,45,17,49,41,36,4,20,24,25,46,11,37,34,
26843672, 166 Stops: 40,6,10,3,27,17,45,36,41,49,4,20,24,25,46,37,11,34,
26843675, 165 Stops: 7,30,47,27,15,22,19,26,44,38,16,39,35,
26843674, 164 Stops: 7,30,47,27,15,22,19,44,26,16,38,39,35,
26843677, 165 Stops: 7,30,47,27,15,22,19,26,44,38,16,39,35,
26843676, 164 Stops: 7,30,47,27,15,22,19,44,26,16,38,39,35,
26843679, 165 Stops: 7,30,47,27,15,22,19,26,44,38,16,39,35,
26843678, 164 Stops: 7,30,47,27,15,22,19,44,26,16,38,39,35,
26843665, 167 Stops: 40,10,6,27,3,45,17,49,41,36,4,20,24,25,46,11,37,34,
26843664, 166 Stops: 40,6,10,3,27,17,45,36,41,49,4,20,24,25,46,37,11,34,
26843667, 167 Stops: 40,10,6,27,3,45,17,49,41,36,4,20,24,25,46,11,37,34,
26843666, 166 Stops: 40,6,10,3,27,17,45,36,41,49,4,20,24,25,46,37,11,34,
26843669, 167 Stops: 40,10,6,27,3,45,17,49,41,36,4,20,24,25,46,11,37,34,
26843668, 166 Stops: 40,6,10,3,27,17,45,36,41,49,4,20,24,25,46,37,11,34,
26843671, 167 Stops: 40,10,6,27,3,45,17,49,41,36,4,20,24,25,46,11,37,34,
26843670, 166 Stops: 40,6,10,3,27,17,45,36,41,49,4,20,24,25,46,37,11,34,
26843657, 167 Stops: 40,10,6,27,3,45,17,49,41,36,4,20,24,25,46,11,37,34,
26843656, 166 Stops: 40,6,10,3,27,17,45,36,41,49,4,20,24,25,46,37,11,34,
26843659, 167 Stops: 40,10,6,27,3,45,17,49,41,36,4,20,24,25,46,11,37,34,
26843658, 166 Stops: 40,6,10,3,27,17,45,36,41,49,4,20,24,25,46,37,11,34,
26843661, 167 Stops: 40,10,6,27,3,45,17,49,41,36,4,20,24,25,46,11,37,34,
26843660, 166 Stops: 40,6,10,3,27,17,45,36,41,49,4,20,24,25,46,37,11,34,
26843663, 167 Stops: 40,10,6,27,3,45,17,49,41,36,4,20,24,25,46,11,37,34,
26843662, 166 Stops: 40,6,10,3,27,17,45,36,41,49,4,20,24,25,46,37,11,34,
26843649, 167 Stops: 40,10,6,27,3,45,17,49,41,36,4,20,24,25,46,11,37,34,
26843648, 166 Stops: 40,6,10,3,27,17,45,36,41,49,4,20,24,25,46,37,11,34,
26843651, 167 Stops: 40,10,6,27,3,45,17,49,41,36,4,20,24,25,46,11,37,34,
26843650, 166 Stops: 40,6,10,3,27,17,45,36,41,49,4,20,24,25,46,37,11,34,
26843653, 167 Stops: 40,10,6,27,3,45,17,49,41,36,4,20,24,25,46,11,37,34,
26843652, 166 Stops: 40,6,10,3,27,17,45,36,41,49,4,20,24,25,46,37,11,34,
26843655, 167 Stops: 40,10,6,27,3,45,17,49,41,36,4,20,24,25,46,11,37,34,
26843654, 166 Stops: 40,6,10,3,27,17,45,36,41,49,4,20,24,25,46,37,11,34,
26843705, 50954 Stops: 23,48,8,43,28,11,5,14,9,42,15,2,
26843704, 50953 Stops: 48,23,8,43,28,11,5,14,9,42,15,2,
26843707, 50954 Stops: 23,48,8,43,28,11,5,14,9,42,15,2,
26843706, 50953 Stops: 48,23,8,43,28,11,5,14,9,42,15,2,
26843709, 50954 Stops: 23,48,8,43,28,11,5,14,9,42,15,2,
26843708, 50953 Stops: 48,23,8,43,28,11,5,14,9,42,15,2,
26843711, 50954 Stops: 23,48,8,43,28,11,5,14,9,42,15,2,
26843710, 50953 Stops: 48,23,8,43,28,11,5,14,9,42,15,2,
26843697, 50954 Stops: 23,48,8,43,28,11,5,14,9,42,15,2,
26843696, 50953 Stops: 48,23,8,43,28,11,5,14,9,42,15,2,
26843699, 50954 Stops: 23,48,8,43,28,11,5,14,9,42,15,2,
26843698, 50953 Stops: 48,23,8,43,28,11,5,14,9,42,15,2,
26843701, 50954 Stops: 23,48,8,43,28,11,5,14,9,42,15,2,
26843700, 50953 Stops: 48,23,8,43,28,11,5,14,9,42,15,2,
26843703, 50954 Stops: 23,48,8,43,28,11,5,14,9,42,15,2,
26843702, 50953 Stops: 48,23,8,43,28,11,5,14,9,42,15,2,
26843689, 165 Stops: 7,30,47,27,15,22,19,26,44,38,16,39,35,
26843688, 164 Stops: 7,30,47,27,15,22,19,44,26,16,38,39,35,
26843691, 165 Stops: 7,30,47,27,15,22,19,26,44,38,16,39,35,
26843690, 164 Stops: 7,30,47,27,15,22,19,44,26,16,38,39,35,
26843693, 165 Stops: 7,30,47,27,15,22,19,26,44,38,16,39,35,
26843692, 164 Stops: 7,30,47,27,15,22,19,44,26,16,38,39,35,
26843695, 165 Stops: 7,30,47,27,15,22,19,26,44,38,16,39,35,
26843694, 164 Stops: 7,30,47,27,15,22,19,44,26,16,38,39,35,
26843681, 165 Stops: 7,30,47,27,15,22,19,26,44,38,16,39,35,
26843680, 164 Stops: 7,30,47,27,15,22,19,44,26,16,38,39,35,
26843683, 165 Stops: 7,30,47,27,15,22,19,26,44,38,16,39,35,
26843682, 164 Stops: 7,30,47,27,15,22,19,44,26,16,38,39,35,
26843685, 165 Stops: 7,30,47,27,15,22,19,26,44,38,16,39,35,
26843684, 164 Stops: 7,30,47,27,15,22,19,44,26,16,38,39,35,
26843687, 165 Stops: 7,30,47,27,15,22,19,26,44,38,16,39,35,
26843686, 164 Stops: 7,30,47,27,15,22,19,44,26,16,38,39,35,
26843737, 171 Stops: 21,29,33,44,1,46,31,18,12,13,32,2,
26843736, 170 Stops: 21,33,29,44,1,46,31,18,12,13,2,32,
26843739, 171 Stops: 21,29,33,44,1,46,31,18,12,13,32,2,
26843738, 170 Stops: 21,33,29,44,1,46,31,18,12,13,2,32,
26843741, 171 Stops: 21,29,33,44,1,46,31,18,12,13,32,2,
26843740, 170 Stops: 21,33,29,44,1,46,31,18,12,13,2,32,
26843743, 171 Stops: 21,29,33,44,1,46,31,18,12,13,32,2,
26843742, 170 Stops: 21,33,29,44,1,46,31,18,12,13,2,32,
26843729, 171 Stops: 21,29,33,44,1,46,31,18,12,13,32,2,
26843728, 170 Stops: 21,33,29,44,1,46,31,18,12,13,2,32,
26843731, 171 Stops: 21,29,33,44,1,46,31,18,12,13,32,2,
26843730, 170 Stops: 21,33,29,44,1,46,31,18,12,13,2,32,
26843733, 171 Stops: 21,29,33,44,1,46,31,18,12,13,32,2,
26843732, 170 Stops: 21,33,29,44,1,46,31,18,12,13,2,32,
26843735, 171 Stops: 21,29,33,44,1,46,31,18,12,13,32,2,
26843734, 170 Stops: 21,33,29,44,1,46,31,18,12,13,2,32,
26843721, 50954 Stops: 23,48,8,43,28,11,5,14,9,42,15,2,
26843720, 50953 Stops: 48,23,8,43,28,11,5,14,9,42,15,2,
26843723, 171 Stops: 21,29,33,44,1,46,31,18,12,13,32,2,
26843722, 170 Stops: 21,33,29,44,1,46,31,18,12,13,2,32,
26843725, 171 Stops: 21,29,33,44,1,46,31,18,12,13,32,2,
26843724, 170 Stops: 21,33,29,44,1,46,31,18,12,13,2,32,
26843727, 171 Stops: 21,29,33,44,1,46,31,18,12,13,32,2,
26843726, 170 Stops: 21,33,29,44,1,46,31,18,12,13,2,32,
26843713, 50954 Stops: 23,48,8,43,28,11,5,14,9,42,15,2,
26843712, 50953 Stops: 48,23,8,43,28,11,5,14,9,42,15,2,
26843715, 50954 Stops: 23,48,8,43,28,11,5,14,9,42,15,2,
26843714, 50953 Stops: 48,23,8,43,28,11,5,14,9,42,15,2,
26843717, 50954 Stops: 23,48,8,43,28,11,5,14,9,42,15,2,
26843716, 50953 Stops: 48,23,8,43,28,11,5,14,9,42,15,2,
26843719, 50954 Stops: 23,48,8,43,28,11,5,14,9,42,15,2,
26843718, 50953 Stops: 48,23,8,43,28,11,5,14,9,42,15,2,
26843745, 171 Stops: 21,29,33,44,1,46,31,18,12,13,32,2,
26843744, 170 Stops: 21,33,29,44,1,46,31,18,12,13,2,32,
26843747, 171 Stops: 21,29,33,44,1,46,31,18,12,13,32,2,
26843746, 170 Stops: 21,33,29,44,1,46,31,18,12,13,2,32,
26843749, 171 Stops: 21,29,33,44,1,46,31,18,12,13,32,2,
26843748, 170 Stops: 21,33,29,44,1,46,31,18,12,13,2,32,
26843751, 171 Stops: 21,29,33,44,1,46,31,18,12,13,32,2,
26843750, 170 Stops: 21,33,29,44,1,46,31,18,12,13,2,32,
